Iteration,IMUNo,OrientationX (deg),OrientationY,OrientationZ,GyroX (20rad/sec),GyroY,GyroZ,Elbow_Pos (rad),Time (sec)
18.00,0.00,284.88,5.94,-108.62,-0.25,0.12,-0.81,0.00,1.02
18.00,1.00,300.81,-6.44,-64.69,0.12,0.38,-0.12,0.00,1.02
18.00,2.00,293.00,-28.00,17.44,-0.19,0.00,0.31,0.00,1.02
18.00,0.00,284.94,5.88,-108.62,-0.12,0.31,-0.69,0.00,1.02
18.00,1.00,300.81,-6.44,-64.69,0.06,0.38,-0.38,0.00,1.02
18.00,2.00,293.00,-28.00,17.44,-0.25,0.25,0.19,0.00,1.04
18.00,0.00,284.94,5.88,-108.62,0.25,0.62,-0.50,0.01,1.04
18.00,1.00,300.81,-6.44,-64.69,0.44,0.62,-0.19,0.01,1.04
18.00,2.00,293.00,-28.00,17.44,0.19,0.25,0.44,0.01,1.06
18.00,0.00,284.88,5.88,-108.62,0.56,0.38,-0.50,0.01,1.06
18.00,1.00,300.81,-6.44,-64.69,0.44,0.44,-0.25,0.01,1.06
18.00,2.00,293.00,-28.00,17.44,0.56,0.38,0.12,0.01,1.08
18.00,0.00,284.88,5.88,-108.62,0.69,0.31,-0.50,0.01,1.08
18.00,1.00,300.75,-6.44,-64.69,0.38,0.69,-0.25,0.01,1.08
18.00,2.00,293.00,-28.00,17.38,0.69,0.12,0.25,0.01,1.10
18.00,0.00,284.88,5.88,-108.69,0.69,0.06,-0.56,0.02,1.10
18.00,1.00,300.75,-6.44,-64.69,0.31,0.75,-0.38,0.02,1.10
18.00,2.00,293.00,-28.00,17.38,0.38,0.00,0.38,0.02,1.12
18.00,0.00,284.88,5.88,-108.69,0.62,0.38,-0.56,0.04,1.12
18.00,1.00,300.75,-6.44,-64.69,0.50,0.44,-0.31,0.04,1.12
18.00,2.00,293.00,-28.00,17.38,0.19,0.06,0.44,0.04,1.14
18.00,0.00,284.88,5.88,-108.69,0.62,0.38,-0.44,0.06,1.14
18.00,1.00,300.75,-6.44,-64.69,0.75,0.88,-0.12,0.06,1.14
18.00,2.00,293.00,-28.00,17.38,0.31,0.19,0.44,0.06,1.14
18.00,0.00,284.88,5.88,-108.69,0.19,0.12,-0.19,0.05,1.16
18.00,1.00,300.75,-6.44,-64.69,0.56,0.75,-0.06,0.05,1.16
18.00,2.00,293.00,-28.00,17.38,0.31,0.00,0.44,0.05,1.16
18.00,0.00,284.88,5.88,-108.69,0.19,0.00,-0.19,0.07,1.18
18.00,1.00,300.75,-6.44,-64.69,0.31,0.75,0.12,0.07,1.18
18.00,2.00,293.00,-28.00,17.38,-0.19,-0.25,0.31,0.07,1.18
18.00,0.00,284.88,5.88,-108.69,0.00,0.31,-0.19,0.07,1.20
18.00,1.00,300.75,-6.44,-64.69,0.25,0.50,-0.31,0.07,1.20
18.00,2.00,293.00,-28.00,17.38,0.00,0.31,0.44,0.07,1.20
18.00,0.00,284.88,5.88,-108.69,0.31,0.56,-0.56,0.08,1.22
18.00,1.00,300.75,-6.44,-64.69,-0.06,0.44,-0.38,0.08,1.22
18.00,2.00,293.00,-28.00,17.38,0.12,0.38,0.31,0.08,1.22
18.00,0.00,284.88,5.88,-108.69,0.12,0.25,-0.25,0.08,1.24
18.00,1.00,300.69,-6.44,-64.69,0.00,0.62,-0.12,0.08,1.24
18.00,2.00,293.00,-28.00,17.38,0.00,0.25,0.12,0.08,1.24
18.00,0.00,284.88,5.88,-108.69,0.00,-0.38,-0.19,0.08,1.26
18.00,1.00,300.69,-6.44,-64.69,0.19,0.19,-0.50,0.08,1.26
18.00,2.00,293.00,-28.00,17.38,0.12,0.38,0.00,0.08,1.26
18.00,0.00,284.88,5.88,-108.69,0.12,-0.69,-0.25,0.05,1.28
18.00,1.00,300.69,-6.44,-64.75,0.19,-0.06,-0.75,0.05,1.28
18.00,2.00,293.00,-28.06,17.38,0.62,0.81,-0.19,0.05,1.28
18.00,0.00,284.88,5.88,-108.69,0.06,-0.50,-0.56,0.03,1.30
18.00,1.00,300.75,-6.44,-64.75,-0.19,0.06,-0.56,0.03,1.30
18.00,2.00,293.00,-28.06,17.38,0.50,0.50,-0.31,0.03,1.30
18.00,0.00,284.94,5.88,-108.69,0.25,-0.75,-0.62,0.03,1.32
18.00,1.00,300.75,-6.44,-64.75,-0.31,0.06,-0.81,0.03,1.32
18.00,2.00,293.00,-28.06,17.38,0.19,0.62,-0.31,0.03,1.32
18.00,0.00,284.94,5.88,-108.69,0.06,-0.69,-0.69,0.04,1.34
18.00,1.00,300.75,-6.44,-64.75,-0.19,-0.12,-0.62,0.04,1.34
18.00,2.00,293.00,-28.06,17.38,0.00,1.00,-0.25,0.04,1.34
18.00,0.00,284.94,5.88,-108.69,0.25,-0.44,-0.31,0.03,1.36
18.00,1.00,300.75,-6.44,-64.75,0.00,-0.44,-0.75,0.03,1.36
18.00,2.00,293.00,-28.06,17.38,0.31,0.44,-0.12,0.03,1.36
18.00,0.00,284.94,5.88,-108.69,0.19,-0.06,-0.25,0.01,1.38
18.00,1.00,300.75,-6.50,-64.75,0.12,-0.19,-0.69,0.01,1.38
18.00,2.00,293.00,-28.06,17.38,0.69,0.44,-0.25,0.01,1.38
18.00,0.00,284.94,5.88,-108.69,0.25,0.00,-0.38,-0.01,1.40
18.00,1.00,300.81,-6.50,-64.75,0.00,-0.31,-0.62,-0.01,1.40
18.00,2.00,293.00,-28.06,17.38,0.69,0.31,-0.38,-0.01,1.40
18.00,0.00,284.94,5.88,-108.69,0.44,-0.12,-0.19,0.00,1.42
18.00,1.00,300.75,-6.50,-64.75,-0.19,-0.44,-0.56,0.00,1.42
18.00,2.00,293.00,-28.06,17.38,0.19,0.62,-0.25,0.00,1.42
18.00,0.00,284.94,5.88,-108.69,0.38,-0.56,-0.19,0.02,1.44
18.00,1.00,300.75,-6.50,-64.75,-0.62,-0.25,-0.38,0.02,1.44
18.00,2.00,293.00,-28.06,17.38,0.00,0.06,-0.38,0.02,1.44
18.00,0.00,284.94,5.88,-108.69,0.38,-0.06,0.00,0.04,1.46
18.00,1.00,300.75,-6.44,-64.75,-0.50,-0.06,-0.31,0.04,1.46
18.00,2.00,293.00,-28.12,17.31,-0.06,0.06,-0.50,0.04,1.46
18.00,0.00,284.94,5.88,-108.69,0.81,0.00,0.25,0.07,1.48
18.00,1.00,300.75,-6.44,-64.75,-0.31,-0.19,-0.25,0.07,1.48
18.00,2.00,293.00,-28.12,17.31,0.12,0.06,-0.12,0.07,1.48
18.00,0.00,284.94,5.88,-108.75,0.81,1.06,0.56,0.11,1.50
18.00,1.00,300.75,-6.44,-64.75,-0.25,-0.31,0.19,0.11,1.50
18.00,2.00,293.00,-28.12,17.31,-0.06,-0.50,0.38,0.11,1.50
18.00,0.00,284.81,5.94,-108.75,1.62,1.56,1.12,0.18,1.52
18.00,1.00,300.75,-6.44,-64.75,0.00,0.25,0.12,0.18,1.52
18.00,2.00,293.00,-28.12,17.31,0.12,-1.00,0.44,0.18,1.52
18.00,0.00,284.75,6.00,-108.88,2.56,1.81,1.81,0.27,1.54
18.00,1.00,300.75,-6.44,-64.75,-0.62,0.44,0.19,0.27,1.54
18.00,2.00,293.00,-28.12,17.31,0.62,-1.12,0.31,0.27,1.54
18.00,0.00,284.56,6.06,-109.06,5.00,2.50,3.00,0.47,1.56
18.00,1.00,300.75,-6.44,-64.75,-0.81,-0.06,0.00,0.47,1.56
18.00,2.00,293.00,-28.06,17.25,0.81,-1.75,0.12,0.47,1.56
18.00,0.00,284.25,6.25,-109.31,8.44,3.75,4.12,0.82,1.58
18.00,1.00,300.75,-6.44,-64.75,-0.25,-0.81,-0.44,0.82,1.58
18.00,2.00,293.00,-28.06,17.25,0.88,-2.31,0.12,0.82,1.58
18.00,0.00,283.94,6.38,-109.69,12.31,4.81,4.56,1.30,1.60
18.00,1.00,300.81,-6.44,-64.75,0.31,-1.44,-0.50,1.30,1.60
18.00,2.00,293.00,-28.00,17.19,1.94,-2.94,0.25,1.30,1.60
18.00,0.00,283.56,6.56,-110.12,16.06,5.62,5.19,1.89,1.62
18.00,1.00,300.81,-6.44,-64.75,1.62,-2.00,-0.69,1.89,1.62
18.00,2.00,293.00,-27.94,17.12,3.25,-4.00,0.50,1.89,1.62
18.00,0.00,283.19,6.75,-110.69,19.75,5.88,6.00,2.66,1.64
18.00,1.00,300.88,-6.44,-64.81,2.50,-2.19,-0.56,2.66,1.64
18.00,2.00,293.00,-27.88,17.06,3.25,-4.75,0.94,2.66,1.64
18.00,0.00,282.94,6.88,-111.00,23.38,5.69,7.56,3.57,1.66
18.00,1.00,300.88,-6.44,-64.81,2.56,-2.44,-0.56,3.57,1.66
18.00,2.00,292.94,-27.81,16.94,3.81,-5.06,1.44,3.57,1.66
18.00,0.00,282.19,7.19,-111.94,27.06,5.69,9.75,4.61,1.68
18.00,1.00,300.94,-6.44,-64.88,3.38,-2.44,-0.94,4.61,1.68
18.00,2.00,292.94,-27.69,16.81,4.62,-5.06,1.31,4.61,1.68
18.00,0.00,281.94,7.38,-112.31,34.12,3.94,12.75,5.97,1.70
18.00,1.00,301.00,-6.44,-64.94,3.06,-2.38,-0.75,5.97,1.70
18.00,2.00,292.94,-27.62,16.69,4.69,-4.50,1.44,5.97,1.70
18.00,0.00,281.38,7.62,-113.12,37.12,4.75,15.19,7.46,1.72
18.00,1.00,301.06,-6.44,-65.00,2.44,-1.38,-0.81,7.46,1.72
18.00,2.00,292.88,-27.56,16.56,5.19,-5.31,2.06,7.46,1.72
18.00,0.00,280.69,7.94,-113.88,37.56,7.38,15.75,9.00,1.74
18.00,1.00,301.06,-6.44,-65.06,2.56,-1.31,-1.06,9.00,1.74
18.00,2.00,292.81,-27.44,16.44,4.25,-6.62,2.75,9.00,1.74
18.00,0.00,280.00,8.31,-114.62,38.88,8.25,16.56,10.61,1.76
18.00,1.00,301.12,-6.44,-65.06,3.06,-1.88,-1.06,10.61,1.76
18.00,2.00,292.75,-27.38,16.25,4.19,-6.56,3.75,10.61,1.76
18.00,0.00,279.25,8.69,-115.38,41.62,6.75,17.69,12.37,1.78
18.00,1.00,301.19,-6.44,-65.12,2.88,-1.81,-1.25,12.37,1.78
18.00,2.00,292.69,-27.25,16.12,3.75,-6.50,3.81,12.37,1.78
18.00,0.00,278.50,9.06,-116.19,44.62,5.44,19.44,14.28,1.80
18.00,1.00,301.25,-6.44,-65.19,3.00,-1.88,-1.38,14.28,1.80
18.00,2.00,292.62,-27.19,16.00,3.50,-5.50,4.31,14.28,1.80
18.00,0.00,277.69,9.44,-117.06,46.44,4.81,20.81,16.22,1.82
18.00,1.00,301.25,-6.44,-65.25,3.25,-1.19,-0.62,16.22,1.82
18.00,2.00,292.56,-27.12,15.88,4.56,-5.69,4.31,16.22,1.82
18.00,0.00,276.81,9.88,-118.06,49.19,4.44,23.25,18.21,1.84
18.00,1.00,301.31,-6.44,-65.31,4.00,-0.81,-0.19,18.21,1.84
18.00,2.00,292.44,-27.00,15.69,6.38,-6.88,5.12,18.21,1.84
18.00,0.00,275.88,10.31,-119.06,49.75,4.12,23.44,20.20,1.86
18.00,1.00,301.31,-6.44,-65.44,4.62,-0.38,-0.25,20.20,1.86
18.00,2.00,292.38,-26.94,15.44,6.81,-7.38,6.00,20.20,1.86
18.00,0.00,275.00,10.69,-120.06,50.31,4.06,22.94,22.23,1.88
18.00,1.00,301.31,-6.44,-65.50,4.12,0.25,0.12,22.23,1.88
18.00,2.00,292.19,-26.81,15.19,6.44,-7.50,7.31,22.23,1.88
18.00,0.00,274.06,11.12,-121.06,50.75,3.94,22.62,24.35,1.90
18.00,1.00,301.31,-6.44,-65.56,4.00,0.44,0.81,24.35,1.90
18.00,2.00,292.06,-26.75,15.00,5.12,-8.00,8.31,24.35,1.90
18.00,0.00,273.12,11.50,-122.06,50.50,3.00,20.81,26.47,1.92
18.00,1.00,301.31,-6.44,-65.69,4.56,1.00,0.75,26.47,1.92
18.00,2.00,291.88,-26.62,14.81,4.94,-7.50,8.62,26.47,1.92
18.00,0.00,272.25,11.88,-123.06,48.81,2.69,19.44,28.50,1.94
18.00,1.00,301.25,-6.44,-65.75,4.00,1.50,1.06,28.50,1.94
18.00,2.00,291.75,-26.56,14.56,4.94,-7.06,9.06,28.50,1.94
18.00,0.00,271.44,12.19,-124.00,48.06,2.25,18.56,30.53,1.96
18.00,1.00,301.25,-6.44,-65.81,2.44,2.12,1.31,30.53,1.96
18.00,2.00,291.56,-26.44,14.38,4.25,-7.56,9.06,30.53,1.96
18.00,0.00,270.69,12.44,-124.94,42.88,2.56,14.88,32.38,1.98
18.00,1.00,301.19,-6.38,-65.88,2.44,2.38,1.12,32.38,1.98
18.00,2.00,291.38,-26.38,14.19,3.19,-7.69,9.25,32.38,1.98
18.00,0.00,270.00,12.62,-125.69,41.88,1.31,13.06,34.21,2.00
18.00,1.00,301.12,-6.38,-65.94,2.50,2.12,1.06,34.21,2.00
18.00,2.00,291.19,-26.25,14.06,2.44,-7.62,9.50,34.21,2.00
18.00,0.00,269.25,12.88,-126.62,46.12,0.75,14.94,36.22,2.02
18.00,1.00,301.06,-6.38,-66.00,3.06,2.06,0.94,36.22,2.02
18.00,2.00,291.00,-26.19,13.88,2.62,-6.69,9.88,36.22,2.02
18.00,0.00,268.38,13.12,-127.62,49.25,1.31,16.44,38.42,2.04
18.00,1.00,301.06,-6.38,-66.06,3.31,1.50,1.06,38.42,2.04
18.00,2.00,290.81,-26.12,13.75,2.00,-5.56,9.50,38.42,2.04
18.00,0.00,267.56,13.38,-128.56,47.88,-0.56,15.19,40.50,2.06
18.00,1.00,301.06,-6.38,-66.12,3.50,0.75,0.44,40.50,2.06
18.00,2.00,290.62,-26.06,13.62,3.06,-5.12,8.25,40.50,2.06
18.00,0.00,266.75,13.56,-129.56,46.56,-0.12,14.38,42.48,2.08
18.00,1.00,301.06,-6.38,-66.19,3.50,0.69,-0.31,42.48,2.08
18.00,2.00,290.50,-26.06,13.44,3.88,-4.12,7.44,42.48,2.08
18.00,0.00,265.88,13.81,-130.44,45.56,1.81,12.88,44.36,2.10
18.00,1.00,301.06,-6.44,-66.25,3.25,0.81,-0.38,44.36,2.10
18.00,2.00,290.38,-26.00,13.25,4.88,-4.69,7.62,44.36,2.10
18.00,0.00,265.06,13.94,-131.38,46.31,0.56,12.50,46.26,2.12
18.00,1.00,301.06,-6.44,-66.31,3.94,0.25,-0.19,46.26,2.12
18.00,2.00,290.19,-25.94,13.06,5.38,-5.00,8.69,46.26,2.12
18.00,0.00,264.19,14.12,-132.31,45.75,-0.31,12.12,48.13,2.14
18.00,1.00,301.06,-6.44,-66.38,3.81,0.19,-0.19,48.13,2.14
18.00,2.00,290.06,-25.88,12.88,5.44,-4.38,8.69,48.13,2.14
18.00,0.00,263.62,14.25,-133.00,43.12,-1.12,11.88,49.93,2.16
18.00,1.00,301.06,-6.44,-66.44,3.06,0.88,0.25,49.93,2.16
18.00,2.00,289.88,-25.88,12.69,4.44,-4.31,7.88,49.93,2.16
18.00,0.00,263.06,14.31,-133.56,38.88,-0.31,10.75,51.58,2.18
18.00,1.00,301.00,-6.44,-66.50,2.81,0.88,0.75,51.58,2.18
18.00,2.00,289.75,-25.81,12.50,3.19,-4.94,7.31,51.58,2.18
18.00,0.00,262.62,14.38,-134.06,33.81,-0.62,8.94,53.01,2.20
18.00,1.00,301.00,-6.44,-66.56,2.69,0.94,0.38,53.01,2.20
18.00,2.00,289.62,-25.75,12.38,3.06,-5.12,7.06,53.01,2.20
18.00,0.00,262.25,14.44,-134.50,29.94,-1.00,7.50,54.24,2.22
18.00,1.00,301.00,-6.44,-66.62,3.44,0.75,0.81,54.24,2.22
18.00,2.00,289.50,-25.69,12.25,3.50,-5.31,6.75,54.24,2.22
18.00,0.00,261.81,14.50,-134.94,26.38,0.19,6.44,55.31,2.24
18.00,1.00,301.00,-6.38,-66.69,2.88,0.88,1.19,55.31,2.24
18.00,2.00,289.38,-25.62,12.06,3.38,-4.56,6.38,55.31,2.24
18.00,0.00,261.31,14.62,-135.44,25.81,-0.06,6.81,56.40,2.26
18.00,1.00,300.94,-6.38,-66.75,2.44,1.38,1.25,56.40,2.26
18.00,2.00,289.25,-25.56,11.94,2.31,-4.38,5.69,56.40,2.26
18.00,0.00,260.75,14.69,-135.94,22.88,0.56,6.81,57.43,2.28
18.00,1.00,300.88,-6.38,-66.81,2.00,1.00,1.62,57.43,2.28
18.00,2.00,289.12,-25.50,11.88,0.56,-4.56,5.00,57.43,2.28
18.00,0.00,260.31,14.81,-136.38,19.88,0.06,5.62,58.31,2.30
18.00,1.00,300.88,-6.38,-66.81,2.31,0.38,1.38,58.31,2.30
18.00,2.00,289.06,-25.38,11.81,0.94,-5.69,4.56,58.31,2.30
18.00,0.00,259.88,14.88,-136.75,17.94,1.44,4.19,59.06,2.32
18.00,1.00,300.88,-6.31,-66.94,3.31,-0.69,0.75,59.06,2.32
18.00,2.00,288.94,-25.31,11.75,1.69,-5.62,3.94,59.06,2.32
18.00,0.00,122.31,14.94,-137.06,17.44,2.38,3.06,59.73,2.34
18.00,1.00,300.88,-6.31,-67.00,4.06,-0.69,0.69,59.73,2.34
18.00,2.00,288.88,-25.25,11.69,3.12,-5.25,3.94,59.73,2.34
18.00,0.00,122.31,15.00,-137.44,19.00,2.44,2.94,60.38,2.36
18.00,1.00,300.88,-6.31,-67.00,4.38,-0.50,0.50,60.38,2.36
18.00,2.00,288.81,-25.12,11.50,4.88,-5.44,3.94,60.38,2.36
18.00,0.00,122.31,15.12,-137.81,21.69,4.00,3.81,61.15,2.38
18.00,1.00,300.88,-6.31,-67.12,4.31,0.06,0.62,61.15,2.38
18.00,2.00,288.75,-25.06,11.38,5.25,-5.94,4.38,61.15,2.38
18.00,0.00,122.25,15.25,-138.25,22.88,4.69,4.25,61.94,2.40
18.00,1.00,300.88,-6.31,-67.19,5.00,-0.19,0.25,61.94,2.40
18.00,2.00,288.69,-24.94,11.19,5.69,-5.56,4.56,61.94,2.40
18.00,0.00,122.25,15.38,-138.75,23.00,4.38,4.38,62.77,2.42
18.00,1.00,300.88,-6.31,-67.31,4.19,-0.44,-0.12,62.77,2.42
18.00,2.00,288.62,-24.88,11.06,5.12,-5.75,4.00,62.77,2.42
18.00,0.00,122.25,15.50,-139.19,25.00,3.50,5.06,63.73,2.44
18.00,1.00,300.88,-6.31,-67.44,3.94,-0.31,-0.25,63.73,2.44
18.00,2.00,288.56,-24.75,10.94,4.44,-6.75,3.94,63.73,2.44
18.00,0.00,122.25,15.62,-139.75,28.75,3.25,6.44,64.83,2.46
18.00,1.00,300.88,-6.31,-67.44,3.88,-0.69,-0.19,64.83,2.46
18.00,2.00,288.44,-24.62,10.75,4.88,-7.38,4.62,64.83,2.46
18.00,0.00,122.31,15.75,-140.38,30.69,2.88,6.75,65.99,2.48
18.00,1.00,300.88,-6.25,-67.56,4.12,-0.88,0.50,65.99,2.48
18.00,2.00,288.38,-24.50,10.62,5.69,-7.62,5.50,65.99,2.48
18.00,0.00,122.31,15.81,-141.00,31.06,1.19,6.12,67.19,2.50
18.00,1.00,300.88,-6.25,-67.62,3.75,-0.56,0.56,67.19,2.50
18.00,2.00,288.25,-24.38,10.44,5.31,-7.44,6.06,67.19,2.50
18.00,0.00,122.31,15.88,-141.62,32.00,-0.12,6.00,68.42,2.52
18.00,1.00,300.88,-6.25,-67.69,3.31,0.06,0.44,68.42,2.52
18.00,2.00,288.12,-24.25,10.25,5.56,-8.12,6.38,68.42,2.52
18.00,0.00,122.38,15.94,-142.38,33.75,-1.44,6.62,69.75,2.54
18.00,1.00,300.88,-6.25,-67.88,4.06,0.25,0.56,69.75,2.54
18.00,2.00,288.00,-24.12,10.00,5.06,-9.06,7.31,69.75,2.54
18.00,0.00,122.44,16.00,-143.06,34.56,-0.81,7.88,71.12,2.56
18.00,1.00,300.88,-6.25,-67.88,3.06,0.69,0.56,71.12,2.56
18.00,2.00,287.88,-23.94,9.81,4.88,-9.88,7.75,71.12,2.56
18.00,0.00,122.44,16.12,-143.75,35.06,-0.31,8.31,72.55,2.58
18.00,1.00,300.88,-6.19,-67.94,3.06,0.81,0.56,72.55,2.58
18.00,2.00,287.69,-23.81,9.62,4.38,-10.25,8.19,72.55,2.58
18.00,0.00,122.50,16.25,-144.50,35.62,-0.06,7.88,73.97,2.60
18.00,1.00,300.81,-6.19,-68.06,3.12,0.88,0.50,73.97,2.60
18.00,2.00,287.56,-23.62,9.44,5.06,-10.19,8.62,73.97,2.60
18.00,0.00,122.56,16.31,-145.25,37.19,1.25,7.38,75.42,2.62
18.00,1.00,300.81,-6.19,-68.12,2.62,1.31,0.69,75.42,2.62
18.00,2.00,287.38,-23.50,9.25,5.88,-9.94,9.44,75.42,2.62
18.00,0.00,122.56,16.44,-146.00,38.69,2.88,8.25,76.96,2.64
18.00,1.00,300.75,-6.19,-68.25,3.50,2.31,1.44,76.96,2.64
18.00,2.00,287.19,-23.31,9.00,5.50,-10.38,10.19,76.96,2.64
18.00,0.00,122.56,16.62,-146.81,38.81,3.56,8.69,78.55,2.66
18.00,1.00,300.69,-6.12,-68.31,3.12,2.62,1.69,78.55,2.66
18.00,2.00,286.94,-23.12,8.75,4.56,-9.88,10.62,78.55,2.66
18.00,0.00,122.62,16.75,-147.56,37.50,4.12,8.94,80.10,2.68
18.00,1.00,300.62,-6.12,-68.44,2.88,2.75,1.81,80.10,2.68
18.00,2.00,286.75,-23.00,8.56,4.12,-8.69,10.50,80.10,2.68
18.00,0.00,122.62,16.88,-148.19,34.56,3.94,8.00,81.52,2.70
18.00,1.00,300.56,-6.06,-68.50,3.06,2.75,1.50,81.52,2.70
18.00,2.00,286.56,-22.88,8.31,3.81,-8.12,11.00,81.52,2.70
18.00,0.00,122.69,17.00,-148.81,32.81,2.88,8.25,82.92,2.72
18.00,1.00,300.50,-6.06,-68.56,2.62,3.50,1.81,82.92,2.72
18.00,2.00,286.31,-22.75,8.12,2.81,-8.12,11.38,82.92,2.72
18.00,0.00,122.69,17.06,-149.38,30.19,1.94,8.12,84.18,2.74
18.00,1.00,300.38,-6.06,-68.62,2.50,3.94,2.06,84.18,2.74
18.00,2.00,286.06,-22.62,8.00,2.94,-8.31,11.75,84.18,2.74
18.00,0.00,122.75,17.19,-149.88,28.38,1.69,8.00,85.27,2.76
18.00,1.00,300.31,-6.06,-68.75,3.19,3.88,2.06,85.27,2.76
18.00,2.00,285.88,-22.50,7.81,4.88,-7.88,12.25,85.27,2.76
18.00,0.00,122.75,17.25,-150.31,24.25,2.44,6.75,86.14,2.78
18.00,1.00,300.19,-6.00,-68.81,3.81,4.81,2.25,86.14,2.78
18.00,2.00,285.62,-22.38,7.56,5.56,-7.19,11.94,86.14,2.78
18.00,0.00,122.75,17.31,-150.56,21.44,0.75,6.00,86.93,2.80
18.00,1.00,300.06,-6.00,-68.88,2.31,5.62,3.06,86.93,2.80
18.00,2.00,285.44,-22.31,7.38,4.38,-6.75,11.81,86.93,2.80
18.00,0.00,122.75,17.38,-150.75,18.88,-0.44,4.31,87.67,2.82
18.00,1.00,299.94,-6.00,-68.94,2.44,5.69,3.25,87.67,2.82
18.00,2.00,285.19,-22.19,7.19,2.94,-6.38,11.56,87.67,2.82
18.00,0.00,122.75,17.38,-151.00,18.00,-0.12,4.44,88.39,2.84
18.00,1.00,299.75,-5.94,-69.06,2.62,4.94,3.06,88.39,2.84
18.00,2.00,285.00,-22.12,7.06,2.38,-6.25,11.25,88.39,2.84
18.00,0.00,122.81,17.44,-151.25,15.25,0.69,4.44,88.94,2.86
18.00,1.00,299.69,-5.94,-69.12,2.94,4.81,2.56,88.94,2.86
18.00,2.00,284.81,-22.00,6.94,3.50,-5.75,9.62,88.94,2.86
18.00,0.00,122.88,17.50,-151.50,15.50,1.69,5.81,89.50,2.88
18.00,1.00,299.56,-5.94,-69.19,2.12,4.56,2.12,89.50,2.88
18.00,2.00,284.62,-21.94,6.75,3.50,-5.44,8.56,89.50,2.88
18.00,0.00,122.88,17.62,-151.81,14.94,3.88,5.56,90.04,2.90
18.00,1.00,299.50,-5.94,-69.19,1.75,4.25,1.38,90.04,2.90
18.00,2.00,284.50,-21.88,6.62,3.25,-5.06,7.62,90.04,2.90
18.00,0.00,122.88,17.69,-152.06,14.06,3.25,4.00,90.52,2.92
18.00,1.00,299.44,-5.94,-69.25,2.69,3.12,0.94,90.52,2.92
18.00,2.00,284.38,-21.75,6.56,3.75,-5.75,7.19,90.52,2.92
18.00,0.00,122.88,17.75,-152.31,12.69,1.50,1.75,90.94,2.94
18.00,1.00,299.38,-5.94,-69.31,3.12,2.44,0.69,90.94,2.94
18.00,2.00,284.25,-21.69,6.44,3.56,-5.88,6.38,90.94,2.94
18.00,0.00,122.88,17.75,-152.50,10.94,1.38,-0.19,91.26,2.96
18.00,1.00,299.38,-5.94,-69.38,3.50,1.75,0.31,91.26,2.96
18.00,2.00,284.12,-21.56,6.31,4.00,-6.69,5.31,91.26,2.96
18.00,0.00,122.81,17.75,-152.75,11.50,1.44,-0.44,91.56,2.98
18.00,1.00,299.31,-5.94,-69.50,3.94,0.69,0.12,91.56,2.98
18.00,2.00,284.06,-21.44,6.19,5.00,-7.12,5.19,91.56,2.98
18.00,0.00,122.75,17.81,-152.94,12.94,3.31,-0.31,91.93,3.00
18.00,1.00,299.38,-5.94,-69.56,3.88,0.56,0.38,91.93,3.00
18.00,2.00,283.94,-21.31,6.00,5.06,-7.50,5.44,91.93,3.00
18.00,0.00,122.69,17.88,-153.25,14.38,5.00,0.12,92.36,3.02
18.00,1.00,299.31,-6.00,-69.62,3.88,1.06,0.56,92.36,3.02
18.00,2.00,283.88,-21.19,5.88,5.19,-7.38,5.44,92.36,3.02
18.00,0.00,122.62,18.00,-153.50,15.75,6.75,0.06,92.84,3.04
18.00,1.00,299.31,-6.00,-69.69,3.44,1.00,0.38,92.84,3.04
18.00,2.00,283.75,-21.06,5.75,5.31,-6.88,5.44,92.84,3.04
18.00,0.00,122.50,18.12,-153.81,17.56,8.06,0.12,93.38,3.06
18.00,1.00,299.31,-6.00,-69.81,3.19,1.56,0.19,93.38,3.06
18.00,2.00,283.62,-20.94,5.56,5.94,-6.56,6.00,93.38,3.06
18.00,0.00,122.44,18.31,-154.12,16.94,8.81,-0.31,93.94,3.08
18.00,1.00,299.31,-6.00,-69.88,3.62,1.31,0.69,93.94,3.08
18.00,2.00,283.56,-20.81,5.38,4.88,-6.62,6.50,93.94,3.08
18.00,0.00,122.31,18.44,-154.44,16.19,8.19,-1.38,94.48,3.10
18.00,1.00,299.25,-6.00,-69.94,3.38,1.31,0.44,94.48,3.10
18.00,2.00,283.44,-20.69,5.25,4.50,-6.25,6.25,94.48,3.10
18.00,0.00,122.25,18.50,-154.56,15.06,7.50,-2.94,94.92,3.12
18.00,1.00,299.25,-6.00,-70.06,3.75,0.94,0.31,94.92,3.12
18.00,2.00,283.31,-20.62,5.06,5.56,-6.69,7.00,94.92,3.12
18.00,0.00,122.06,18.62,-154.94,15.12,6.75,-2.69,95.36,3.14
18.00,1.00,299.25,-6.00,-70.12,3.88,1.31,0.81,95.36,3.14
18.00,2.00,283.12,-20.50,4.88,5.75,-7.31,8.38,95.36,3.14
18.00,0.00,122.00,18.69,-155.06,15.38,7.94,-1.62,95.81,3.16
18.00,1.00,299.19,-5.94,-70.19,3.38,2.50,1.44,95.81,3.16
18.00,2.00,283.00,-20.38,4.69,5.62,-7.31,8.81,95.81,3.16
18.00,0.00,121.81,18.88,-155.50,15.06,9.38,-0.81,96.26,3.18
18.00,1.00,299.12,-5.94,-70.31,3.38,3.31,2.12,96.26,3.18
18.00,2.00,282.81,-20.25,4.50,5.31,-6.44,9.56,96.26,3.18
18.00,0.00,121.75,19.06,-155.75,14.12,9.12,-0.75,96.68,3.20
18.00,1.00,299.00,-5.88,-70.38,3.31,4.00,2.69,96.68,3.20
18.00,2.00,282.62,-20.12,4.25,5.06,-6.12,10.12,96.68,3.20
18.00,0.00,121.69,19.12,-155.88,12.75,8.94,-0.25,97.09,3.22
18.00,1.00,298.88,-5.88,-70.50,2.88,4.94,3.12,97.09,3.22
18.00,2.00,282.44,-20.00,4.06,4.06,-5.56,9.38,97.09,3.22
18.00,0.00,121.62,19.31,-156.06,10.12,8.56,-0.50,97.42,3.24
18.00,1.00,298.69,-5.81,-70.56,1.88,5.44,3.06,97.42,3.24
18.00,2.00,282.31,-19.94,3.94,2.88,-4.94,9.25,97.42,3.24
18.00,0.00,121.50,19.44,-156.19,3.94,5.69,-2.75,97.44,3.26
18.00,1.00,298.56,-5.81,-70.62,1.88,5.31,2.88,97.44,3.26
18.00,2.00,282.12,-19.81,3.81,3.50,-4.69,9.12,97.44,3.26
18.00,0.00,121.44,19.50,-156.19,3.12,3.75,-2.94,97.39,3.28
18.00,1.00,298.44,-5.75,-70.69,2.31,5.31,2.94,97.39,3.28
18.00,2.00,281.94,-19.75,3.62,4.19,-5.00,9.00,97.39,3.28
18.00,0.00,121.38,19.50,-156.25,5.31,1.62,-1.19,97.49,3.30
18.00,1.00,298.31,-5.75,-70.81,2.00,5.12,2.62,97.49,3.30
18.00,2.00,281.81,-19.62,3.50,3.19,-4.62,8.44,97.49,3.30
18.00,0.00,121.31,19.50,-156.38,7.56,2.88,0.00,97.76,3.32
18.00,1.00,298.19,-5.69,-70.88,1.75,4.62,2.19,97.76,3.32
18.00,2.00,281.62,-19.56,3.44,1.88,-4.38,8.00,97.76,3.32
18.00,0.00,121.25,19.56,-156.50,8.38,3.00,0.56,98.06,3.34
18.00,1.00,298.12,-5.69,-70.88,1.62,4.00,1.75,98.06,3.34
18.00,2.00,281.50,-19.50,3.31,1.88,-4.25,7.94,98.06,3.34
18.00,0.00,121.25,19.62,-156.69,8.88,2.69,0.44,98.31,3.36
18.00,1.00,298.00,-5.69,-70.94,2.50,3.62,1.12,98.31,3.36
18.00,2.00,281.38,-19.44,3.25,3.31,-3.81,7.06,98.31,3.36
18.00,0.00,121.19,19.69,-156.81,10.25,2.25,-1.00,98.63,3.38
18.00,1.00,297.94,-5.69,-71.00,3.00,3.12,0.75,98.63,3.38
18.00,2.00,281.25,-19.31,3.12,3.50,-4.06,5.88,98.63,3.38
18.00,0.00,121.12,19.69,-157.00,12.00,1.81,-0.75,99.02,3.40
18.00,1.00,297.94,-5.69,-71.06,2.88,2.00,0.50,99.02,3.40
18.00,2.00,281.12,-19.25,3.00,3.56,-4.19,5.56,99.02,3.40
18.00,0.00,121.06,19.75,-157.25,13.50,1.94,0.00,99.44,3.42
18.00,1.00,297.88,-5.69,-71.12,3.38,1.88,-0.25,99.44,3.42
18.00,2.00,281.06,-19.19,2.88,4.38,-4.31,5.06,99.44,3.42
18.00,0.00,121.00,19.81,-157.56,13.88,4.44,0.62,99.91,3.44
18.00,1.00,297.88,-5.75,-71.25,3.50,1.38,-0.31,99.91,3.44
18.00,2.00,281.00,-19.12,2.81,3.81,-4.31,5.00,99.91,3.44
18.00,0.00,120.94,19.88,-157.81,13.25,4.00,0.00,100.35,3.46
18.00,1.00,297.88,-5.75,-71.31,3.31,0.62,-0.06,100.35,3.46
18.00,2.00,280.88,-19.00,2.69,3.75,-5.56,4.31,100.35,3.46
18.00,0.00,120.88,19.88,-158.00,12.19,1.50,-2.00,100.74,3.48
18.00,1.00,297.88,-5.75,-71.38,3.50,-0.12,-0.25,100.74,3.48
18.00,2.00,280.81,-18.94,2.56,3.69,-5.81,3.94,100.74,3.48
18.00,0.00,120.75,19.88,-158.19,15.62,0.25,-1.69,101.29,3.50
18.00,1.00,297.94,-5.75,-71.44,4.06,-1.31,-0.62,101.29,3.50
18.00,2.00,280.75,-18.81,2.50,3.88,-6.19,3.56,101.29,3.50
18.00,0.00,120.69,19.88,-158.56,18.12,1.25,-0.62,101.98,3.52
18.00,1.00,297.94,-5.75,-71.50,3.88,-1.56,-0.62,101.98,3.52
18.00,2.00,280.69,-18.69,2.44,3.19,-5.94,3.19,101.98,3.52
18.00,0.00,120.62,19.94,-158.94,22.44,4.12,1.44,102.93,3.54
18.00,1.00,298.00,-5.75,-71.56,3.38,-2.44,-1.31,102.93,3.54
18.00,2.00,280.69,-18.56,2.38,2.12,-4.81,2.06,102.93,3.54
18.00,0.00,120.56,20.06,-159.44,24.50,4.94,2.00,103.92,3.56
18.00,1.00,298.12,-5.75,-71.62,3.44,-4.38,-2.56,103.92,3.56
18.00,2.00,280.62,-18.50,2.31,3.06,-4.25,1.44,103.92,3.56
18.00,0.00,120.50,20.12,-159.88,24.06,2.19,0.19,104.84,3.58
18.00,1.00,298.25,-5.75,-71.69,4.19,-5.75,-3.62,104.84,3.58
18.00,2.00,280.62,-18.44,2.25,4.19,-4.19,0.06,104.84,3.58
18.00,0.00,120.38,20.12,-160.38,25.00,-1.50,-0.69,105.82,3.60
18.00,1.00,298.44,-5.81,-71.75,3.44,-4.88,-3.62,105.82,3.60
18.00,2.00,280.69,-18.38,2.19,3.88,-4.50,-0.19,105.82,3.60
18.00,0.00,120.31,20.06,-160.88,27.88,-2.19,0.44,106.92,3.62
18.00,1.00,298.56,-5.88,-71.81,4.19,-4.94,-3.31,106.92,3.62
18.00,2.00,280.69,-18.25,2.06,4.19,-4.25,-0.12,106.92,3.62
18.00,0.00,120.19,20.06,-161.44,27.69,-1.31,1.50,107.99,3.64
18.00,1.00,298.69,-5.88,-71.94,5.00,-5.00,-3.12,107.99,3.64
18.00,2.00,280.69,-18.19,2.00,4.75,-3.88,0.25,107.99,3.64
18.00,0.00,120.19,20.00,-161.94,25.94,-1.38,2.06,108.98,3.66
18.00,1.00,298.81,-5.94,-72.00,4.12,-5.06,-3.38,108.98,3.66
18.00,2.00,280.69,-18.12,1.88,4.62,-3.44,-0.25,108.98,3.66
18.00,0.00,120.12,20.00,-162.44,23.12,0.12,1.81,109.86,3.68
18.00,1.00,298.94,-5.94,-72.06,3.75,-3.62,-3.25,109.86,3.68
18.00,2.00,280.69,-18.06,1.81,4.00,-3.69,-0.50,109.86,3.68
18.00,0.00,120.06,20.06,-162.88,20.31,1.31,1.69,110.66,3.70
18.00,1.00,299.06,-6.00,-72.19,4.06,-4.25,-2.88,110.66,3.70
18.00,2.00,280.69,-18.00,1.69,3.19,-3.75,-0.25,110.66,3.70
18.00,0.00,120.06,20.12,-163.19,16.50,1.81,1.38,111.29,3.72
18.00,1.00,299.19,-6.00,-72.25,3.44,-3.56,-2.38,111.29,3.72
18.00,2.00,280.69,-17.88,1.62,2.88,-4.94,0.00,111.29,3.72
18.00,0.00,120.00,20.19,-163.44,13.56,1.56,1.69,111.81,3.74
18.00,1.00,299.25,-6.00,-72.31,3.31,-2.75,-1.88,111.81,3.74
18.00,2.00,280.69,-17.81,1.50,2.44,-4.38,-0.56,111.81,3.74
18.00,0.00,120.00,20.19,-163.69,10.88,1.94,1.94,112.13,3.76
18.00,1.00,299.31,-6.00,-72.44,3.44,-2.56,-1.94,112.13,3.76
18.00,2.00,280.75,-17.69,1.38,3.81,-3.19,-0.94,112.13,3.76
18.00,0.00,120.00,20.25,-163.88,9.12,2.31,2.88,112.39,3.78
18.00,1.00,299.38,-6.00,-72.50,3.19,-2.19,-1.69,112.39,3.78
18.00,2.00,280.75,-17.62,1.19,3.50,-2.94,0.06,112.39,3.78
18.00,0.00,120.06,20.31,-164.06,6.50,2.88,3.00,112.64,3.80
18.00,1.00,299.44,-6.06,-72.56,1.31,-0.50,-1.00,112.64,3.80
18.00,2.00,280.75,-17.56,1.06,1.19,-2.44,0.56,112.64,3.80
18.00,0.00,120.06,20.44,-164.12,3.62,3.38,2.00,112.82,3.82
18.00,1.00,299.44,-6.06,-72.56,0.12,0.50,-0.06,112.82,3.82
18.00,2.00,280.69,-17.50,0.94,-0.31,-2.12,1.44,112.82,3.82
18.00,0.00,120.06,20.50,-164.19,1.44,3.00,0.81,112.88,3.84
18.00,1.00,299.38,-6.00,-72.62,0.25,1.00,0.56,112.88,3.84
18.00,2.00,280.62,-17.44,0.88,0.12,-1.94,2.00,112.88,3.84
18.00,0.00,120.06,20.56,-164.19,1.19,3.25,0.25,112.91,3.86
18.00,1.00,299.38,-6.00,-72.69,0.19,1.44,0.75,112.91,3.86
18.00,2.00,280.56,-17.38,0.81,0.69,-0.88,2.12,112.91,3.86
18.00,0.00,120.06,20.62,-164.25,1.25,4.25,0.12,112.95,3.88
18.00,1.00,299.31,-6.00,-72.75,-0.12,2.31,1.00,112.95,3.88
18.00,2.00,280.56,-17.38,0.75,0.44,-0.06,2.50,112.95,3.88
18.00,0.00,120.00,20.69,-164.25,-0.56,4.88,-1.19,112.90,3.90
18.00,1.00,299.25,-6.00,-72.75,-0.38,2.62,0.94,112.90,3.90
18.00,2.00,280.50,-17.31,0.69,0.50,0.19,2.62,112.90,3.90
18.00,0.00,120.00,20.75,-164.19,-4.69,3.69,-3.00,112.68,3.92
18.00,1.00,299.19,-5.94,-72.81,-0.81,2.81,1.19,112.68,3.92
18.00,2.00,280.44,-17.31,0.62,-0.06,0.12,2.69,112.68,3.92
18.00,0.00,119.94,20.75,-164.00,-8.06,1.12,-5.19,112.38,3.94
18.00,1.00,299.12,-5.94,-72.81,-1.62,3.12,1.12,112.38,3.94
18.00,2.00,280.38,-17.31,0.62,-1.62,-0.19,2.56,112.38,3.94
18.00,0.00,119.81,20.75,-163.81,-6.69,-0.38,-5.62,112.22,3.96
18.00,1.00,299.00,-5.94,-72.81,-2.50,3.06,1.44,112.22,3.96
18.00,2.00,280.31,-17.31,0.62,-3.25,-0.06,2.88,112.22,3.96
18.00,0.00,119.75,20.75,-163.69,-2.94,1.00,-3.81,112.25,3.98
18.00,1.00,298.94,-5.94,-72.81,-2.62,2.88,1.31,112.25,3.98
18.00,2.00,280.25,-17.31,0.69,-3.62,0.56,3.31,112.25,3.98
18.00,0.00,119.69,20.75,-163.62,-1.12,2.31,-3.06,112.37,4.00
18.00,1.00,298.88,-5.94,-72.75,-2.25,3.25,1.31,112.37,4.00
18.00,2.00,280.12,-17.31,0.75,-3.62,0.44,3.31,112.37,4.00
18.00,0.00,119.62,20.75,-163.62,0.56,1.75,-3.00,112.55,4.02
18.00,1.00,298.81,-5.88,-72.75,-1.88,2.31,1.12,112.55,4.02
18.00,2.00,280.06,-17.31,0.81,-3.25,-0.50,2.88,112.55,4.02
18.00,0.00,119.56,20.75,-163.62,3.25,1.94,-2.88,112.80,4.04
18.00,1.00,298.75,-5.88,-72.75,-0.88,1.00,0.56,112.80,4.04
18.00,2.00,280.00,-17.31,0.81,-2.25,-1.38,2.56,112.80,4.04
18.00,0.00,119.50,20.81,-163.69,4.81,2.94,-2.69,113.12,4.06
18.00,1.00,298.75,-5.88,-72.75,-0.50,0.50,0.50,113.12,4.06
18.00,2.00,280.00,-17.31,0.88,-2.00,-2.25,2.12,113.12,4.06
18.00,0.00,119.44,20.88,-163.81,6.19,2.88,-1.69,113.50,4.08
18.00,1.00,298.75,-5.88,-72.69,-0.94,0.44,0.12,113.50,4.08
18.00,2.00,279.94,-17.25,0.88,-1.94,-2.06,1.62,113.50,4.08
18.00,0.00,119.38,20.94,-163.94,7.19,3.00,-0.69,113.95,4.10
18.00,1.00,298.75,-5.88,-72.69,-1.44,-0.31,-0.12,113.95,4.10
18.00,2.00,279.88,-17.25,0.94,-2.62,-2.06,1.50,113.95,4.10
18.00,0.00,119.31,21.00,-164.06,7.06,3.44,0.62,114.42,4.12
18.00,1.00,298.75,-5.88,-72.69,-0.88,-1.62,-0.50,114.42,4.12
18.00,2.00,279.88,-17.19,1.00,-3.12,-2.94,1.38,114.42,4.12
18.00,0.00,119.38,21.12,-164.19,7.62,4.81,3.00,114.93,4.14
18.00,1.00,298.81,-5.88,-72.62,-0.94,-1.25,-0.50,114.93,4.14
18.00,2.00,279.88,-17.12,1.06,-3.38,-3.75,0.75,114.93,4.14
18.00,0.00,119.38,21.25,-164.38,7.88,6.62,5.38,115.47,4.16
18.00,1.00,298.81,-5.88,-72.62,-1.19,-1.00,-0.50,115.47,4.16
18.00,2.00,279.81,-17.06,1.12,-3.75,-4.56,0.19,115.47,4.16
18.00,0.00,119.50,21.44,-164.56,7.88,6.50,6.19,115.97,4.18
18.00,1.00,298.81,-5.88,-72.62,-0.56,-1.62,-0.88,115.97,4.18
18.00,2.00,279.81,-17.00,1.19,-2.88,-4.75,-0.81,115.97,4.18
18.00,0.00,119.56,21.50,-164.69,6.69,3.75,5.94,116.40,4.20
18.00,1.00,298.88,-5.88,-72.62,0.06,-2.06,-0.94,116.40,4.20
18.00,2.00,279.81,-16.81,1.31,-2.44,-5.25,-1.25,116.40,4.20
18.00,0.00,119.62,21.56,-164.81,4.00,0.44,5.19,116.72,4.22
18.00,1.00,298.94,-5.88,-72.56,-0.06,-2.19,-1.00,116.72,4.22
18.00,2.00,279.88,-16.81,1.38,-3.06,-6.19,-2.44,116.72,4.22
18.00,0.00,119.69,21.56,-164.88,2.62,-2.38,4.19,116.94,4.24
18.00,1.00,299.00,-5.88,-72.56,0.56,-3.56,-1.50,116.94,4.24
18.00,2.00,279.88,-16.69,1.44,-2.00,-6.06,-3.56,116.94,4.24
18.00,0.00,119.75,21.50,-165.06,7.44,-1.44,5.56,117.31,4.26
18.00,1.00,299.12,-5.94,-72.62,1.88,-4.69,-2.06,117.31,4.26
18.00,2.00,280.00,-16.56,1.50,-0.56,-5.69,-3.56,117.31,4.26
18.00,0.00,119.88,21.62,-165.31,11.12,3.25,7.88,117.82,4.28
18.00,1.00,299.19,-5.94,-72.62,2.12,-4.38,-2.19,117.82,4.28
18.00,2.00,280.06,-16.44,1.56,0.12,-3.94,-2.56,117.82,4.28
18.00,0.00,120.00,21.69,-165.56,9.81,3.44,8.00,118.26,4.30
18.00,1.00,299.31,-5.94,-72.69,1.31,-3.62,-1.88,118.26,4.30
18.00,2.00,280.06,-16.38,1.56,0.25,-2.50,-2.81,118.26,4.30
18.00,0.00,120.06,21.75,-165.75,7.00,1.38,5.50,118.52,4.32
18.00,1.00,299.38,-5.94,-72.69,0.81,-3.75,-1.75,118.52,4.32
18.00,2.00,280.12,-16.31,1.56,1.44,-2.31,-2.81,118.52,4.32
18.00,0.00,120.12,21.81,-165.94,7.38,1.19,3.94,118.77,4.34
18.00,1.00,299.50,-5.94,-72.69,1.06,-2.81,-1.44,118.77,4.34
18.00,2.00,280.19,-16.31,1.56,1.94,-2.06,-1.94,118.77,4.34
18.00,0.00,120.19,21.88,-166.06,5.88,4.06,3.19,118.99,4.36
18.00,1.00,299.50,-5.94,-72.69,1.25,-1.56,-0.81,118.99,4.36
18.00,2.00,280.25,-16.25,1.50,1.12,-2.00,-1.00,118.99,4.36
18.00,0.00,120.19,22.00,-166.12,3.38,5.25,1.75,119.13,4.38
18.00,1.00,299.50,-5.94,-72.75,0.19,-0.69,-0.56,119.13,4.38
18.00,2.00,280.25,-16.19,1.44,0.44,-1.00,-0.56,119.13,4.38
18.00,0.00,120.12,22.06,-166.12,-1.56,4.62,-1.12,119.00,4.40
18.00,1.00,299.50,-5.94,-72.75,-0.25,-1.06,-0.38,119.00,4.40
18.00,2.00,280.25,-16.19,1.44,1.19,-0.94,0.12,119.00,4.40
18.00,0.00,120.12,22.12,-166.00,-5.94,2.56,-2.88,118.65,4.42
18.00,1.00,299.56,-5.94,-72.75,-0.06,0.25,-0.62,118.65,4.42
18.00,2.00,280.25,-16.19,1.38,1.69,-0.50,0.31,118.65,4.42
18.00,0.00,120.06,22.12,-165.88,-5.56,1.19,-3.25,118.37,4.44
18.00,1.00,299.50,-5.94,-72.81,-0.56,2.50,-0.31,118.37,4.44
18.00,2.00,280.25,-16.12,1.31,0.38,0.88,0.62,118.37,4.44
18.00,0.00,120.06,22.19,-165.81,-1.88,1.19,-2.31,118.33,4.46
18.00,1.00,299.44,-5.94,-72.75,-1.31,3.31,0.50,118.33,4.46
18.00,2.00,280.19,-16.12,1.25,-0.94,2.94,1.38,118.33,4.46
18.00,0.00,120.00,22.12,-165.69,-3.19,0.25,-3.44,118.20,4.48
18.00,1.00,299.44,-5.94,-72.75,-1.12,3.12,0.69,118.20,4.48
18.00,2.00,280.19,-16.19,1.31,-0.38,3.06,2.31,118.20,4.48
18.00,0.00,119.94,22.06,-165.56,-4.94,-3.44,-5.19,117.89,4.50
18.00,1.00,299.38,-5.94,-72.75,0.31,2.62,-0.31,117.89,4.50
18.00,2.00,280.12,-16.31,1.25,1.81,3.00,1.88,117.89,4.50
18.00,0.00,119.81,22.00,-165.44,-4.38,-4.25,-6.19,117.57,4.52
18.00,1.00,299.31,-6.00,-72.81,0.62,3.56,-0.50,117.57,4.52
18.00,2.00,280.12,-16.31,1.25,2.44,3.19,2.00,117.57,4.52
18.00,0.00,119.75,21.88,-165.38,-2.38,-4.00,-5.75,117.38,4.54
18.00,1.00,299.25,-6.00,-72.81,0.38,3.81,-0.31,117.38,4.54
18.00,2.00,280.06,-16.44,1.12,1.69,2.81,2.81,117.38,4.54
18.00,0.00,119.62,21.75,-165.31,0.06,-3.00,-4.56,117.33,4.56
18.00,1.00,299.19,-6.00,-72.81,-0.12,3.62,-0.19,117.33,4.56
18.00,2.00,280.00,-16.44,1.12,1.19,2.50,3.50,117.33,4.56
18.00,0.00,119.56,21.75,-165.38,2.56,-1.25,-3.69,117.35,4.58
18.00,1.00,299.19,-6.00,-72.81,0.62,3.75,-0.25,117.35,4.58
18.00,2.00,279.94,-16.50,1.06,2.06,1.94,3.75,117.35,4.58
18.00,0.00,119.50,21.75,-165.44,3.88,1.38,-2.31,117.45,4.60
18.00,1.00,299.12,-6.06,-72.88,0.94,4.50,0.12,117.45,4.60
18.00,2.00,279.88,-16.56,1.00,1.81,1.31,4.12,117.45,4.60
18.00,0.00,119.44,21.81,-165.50,1.94,2.38,-1.81,117.44,4.62
18.00,1.00,299.06,-6.06,-72.88,1.31,3.31,0.31,117.44,4.62
18.00,2.00,279.81,-16.56,0.94,2.12,0.00,4.06,117.44,4.62
18.00,0.00,119.44,21.81,-165.44,-0.75,1.81,-1.75,117.25,4.64
18.00,1.00,299.00,-6.12,-72.94,2.06,3.31,0.31,117.25,4.64
18.00,2.00,279.69,-16.56,0.81,3.31,-0.81,3.31,117.25,4.64
18.00,0.00,119.38,21.88,-165.44,-0.38,1.00,-1.06,117.09,4.66
18.00,1.00,298.94,-6.12,-73.00,2.00,3.75,1.06,117.09,4.66
18.00,2.00,279.69,-16.56,0.81,3.00,-0.75,2.75,117.09,4.66
18.00,0.00,119.38,21.88,-165.44,2.62,2.12,0.69,117.16,4.68
18.00,1.00,298.88,-6.12,-73.00,1.19,3.75,1.50,117.16,4.68
18.00,2.00,279.62,-16.50,0.69,1.25,-0.75,3.38,117.16,4.68
18.00,0.00,119.38,22.00,-165.50,2.50,4.88,1.50,117.21,4.70
18.00,1.00,298.81,-6.12,-73.06,0.81,2.88,1.31,117.21,4.70
18.00,2.00,279.56,-16.50,0.62,1.31,-0.81,3.50,117.21,4.70
18.00,0.00,119.38,22.06,-165.56,-0.25,4.50,1.06,117.09,4.72
18.00,1.00,298.75,-6.12,-73.06,1.56,2.75,1.19,117.09,4.72
18.00,2.00,279.50,-16.50,0.62,2.44,-0.81,2.81,117.09,4.72
18.00,0.00,119.38,22.12,-165.50,-1.69,2.75,0.12,116.87,4.74
18.00,1.00,298.69,-6.06,-73.12,1.38,4.06,1.00,116.87,4.74
18.00,2.00,279.44,-16.44,0.50,2.94,-0.50,2.12,116.87,4.74
18.00,0.00,119.38,22.12,-165.50,-1.31,2.44,0.06,116.69,4.76
18.00,1.00,298.56,-6.06,-73.19,1.56,4.06,1.19,116.69,4.76
18.00,2.00,279.44,-16.44,0.44,2.69,-0.31,2.50,116.69,4.76
18.00,0.00,119.38,22.19,-165.44,-1.12,2.75,-0.12,116.54,4.78
18.00,1.00,298.50,-6.06,-73.25,1.56,3.56,1.56,116.54,4.78
18.00,2.00,279.38,-16.44,0.38,2.19,-0.88,2.94,116.54,4.78
18.00,0.00,119.38,22.25,-165.44,-0.06,3.25,-0.25,116.44,4.80
18.00,1.00,298.44,-6.06,-73.25,1.62,2.94,1.31,116.44,4.80
18.00,2.00,279.31,-16.44,0.31,2.06,-0.88,2.75,116.44,4.80
18.00,0.00,119.38,22.31,-165.44,0.56,3.75,-0.62,116.36,4.82
18.00,1.00,298.38,-6.06,-73.31,2.00,2.88,1.12,116.36,4.82
18.00,2.00,279.31,-16.44,0.31,2.12,-0.19,2.69,116.36,4.82
18.00,0.00,119.38,22.38,-165.44,1.38,3.88,-1.19,116.33,4.84
18.00,1.00,298.31,-6.06,-73.38,1.69,3.38,1.56,116.33,4.84
18.00,2.00,279.25,-16.44,0.19,2.06,-0.56,3.31,116.33,4.84
18.00,0.00,119.31,22.44,-165.44,1.06,4.00,-1.44,116.29,4.86
18.00,1.00,298.19,-6.06,-73.44,1.44,3.75,1.69,116.29,4.86
18.00,2.00,279.19,-16.44,0.12,2.00,-0.81,3.38,116.29,4.86
18.00,0.00,119.25,22.50,-165.50,1.12,3.81,-2.25,116.24,4.88
18.00,1.00,298.12,-6.00,-73.44,1.44,3.50,1.62,116.24,4.88
18.00,2.00,279.12,-16.44,0.12,2.25,-0.88,3.94,116.24,4.88
18.00,0.00,119.19,22.56,-165.50,1.56,3.88,-2.50,116.22,4.90
18.00,1.00,298.06,-6.00,-73.50,1.81,3.75,2.06,116.22,4.90
18.00,2.00,279.00,-16.38,0.00,2.00,-1.12,4.38,116.22,4.90
18.00,0.00,119.12,22.62,-165.50,1.75,4.31,-2.62,116.22,4.92
18.00,1.00,297.94,-6.00,-73.56,1.88,4.25,2.44,116.22,4.92
18.00,2.00,279.00,-16.38,0.00,1.62,-1.00,4.81,116.22,4.92
18.00,0.00,119.06,22.69,-165.50,1.62,4.19,-2.56,116.26,4.94
18.00,1.00,297.81,-5.94,-73.62,1.19,4.81,2.94,116.26,4.94
18.00,2.00,278.81,-16.31,-0.06,0.81,-0.88,5.19,116.26,4.94
18.00,0.00,119.00,22.75,-165.50,0.94,3.62,-3.00,116.31,4.96
18.00,1.00,297.69,-5.94,-73.62,0.69,4.94,2.94,116.31,4.96
18.00,2.00,278.75,-16.31,-0.06,-0.12,-0.44,5.62,116.31,4.96
18.00,0.00,118.94,22.75,-165.50,0.62,3.25,-2.75,116.34,4.98
18.00,1.00,297.56,-5.88,-73.69,0.81,4.94,2.56,116.34,4.98
18.00,2.00,278.69,-16.31,-0.12,-0.06,0.12,5.38,116.34,4.98
18.00,0.00,118.88,22.81,-165.50,-0.88,2.31,-2.25,116.25,5.00
18.00,1.00,297.44,-5.88,-73.69,0.88,6.00,2.25,116.25,5.00
18.00,2.00,278.50,-16.31,-0.19,1.06,0.44,5.00,116.25,5.00
18.00,0.00,118.81,22.81,-165.44,-1.31,2.31,-2.25,116.15,5.02
18.00,1.00,297.31,-5.88,-73.75,0.94,6.19,2.31,116.15,5.02
18.00,2.00,278.50,-16.31,-0.19,0.88,0.62,5.44,116.15,5.02
18.00,0.00,118.81,22.88,-165.38,-2.88,1.69,-2.25,115.95,5.04
18.00,1.00,297.19,-5.88,-73.75,1.12,5.38,1.88,115.95,5.04
18.00,2.00,278.31,-16.38,-0.25,1.50,1.31,5.06,115.95,5.04
18.00,0.00,118.75,22.88,-165.31,-2.00,0.00,-1.62,115.77,5.06
18.00,1.00,297.06,-5.88,-73.81,0.94,5.62,1.94,115.77,5.06
18.00,2.00,278.25,-16.38,-0.31,1.81,1.00,4.62,115.77,5.06
18.00,0.00,118.75,22.88,-165.25,-1.44,1.56,0.50,115.64,5.08
18.00,1.00,296.94,-5.88,-73.81,1.31,6.25,2.19,115.64,5.08
18.00,2.00,278.19,-16.38,-0.38,1.25,1.94,4.38,115.64,5.08
18.00,0.00,118.75,22.88,-165.19,-2.00,0.88,0.50,115.45,5.10
18.00,1.00,296.81,-5.88,-73.88,0.88,5.75,1.31,115.45,5.10
18.00,2.00,278.06,-16.44,-0.44,2.25,2.00,3.94,115.45,5.10
18.00,0.00,118.81,22.94,-165.19,-1.38,0.56,1.06,115.23,5.12
18.00,1.00,296.69,-5.88,-73.94,1.38,6.12,1.06,115.23,5.12
18.00,2.00,278.06,-16.44,-0.50,3.38,2.19,3.25,115.23,5.12
18.00,0.00,118.81,23.00,-165.19,-0.81,2.00,1.62,115.05,5.14
18.00,1.00,296.62,-5.88,-73.94,1.38,6.81,1.00,115.05,5.14
18.00,2.00,277.94,-16.56,-0.62,3.06,2.25,3.12,115.05,5.14
18.00,0.00,118.88,23.06,-165.19,-0.75,4.06,1.50,114.93,5.16
18.00,1.00,296.50,-5.88,-74.00,1.06,6.75,1.12,114.93,5.16
18.00,2.00,277.94,-16.56,-0.69,1.88,1.06,3.31,114.93,5.16
18.00,0.00,118.88,23.12,-165.19,0.06,3.88,1.00,114.85,5.18
18.00,1.00,296.38,-5.88,-74.06,1.19,5.62,1.44,114.85,5.18
18.00,2.00,277.88,-16.56,-0.69,1.75,0.75,3.62,114.85,5.18
18.00,0.00,118.88,23.19,-165.19,0.94,3.56,1.44,114.75,5.20
18.00,1.00,296.25,-5.88,-74.06,2.19,4.56,1.31,114.75,5.20
18.00,2.00,277.81,-16.56,-0.75,3.00,0.56,3.31,114.75,5.20
18.00,0.00,118.88,23.25,-165.19,0.94,2.75,1.19,114.64,5.22
18.00,1.00,296.19,-5.88,-74.12,2.31,4.19,1.06,114.64,5.22
18.00,2.00,277.75,-16.56,-0.81,3.44,0.00,3.06,114.64,5.22
18.00,0.00,118.88,23.31,-165.25,1.50,2.25,0.81,114.53,5.24
18.00,1.00,296.12,-5.88,-74.19,3.19,3.31,0.38,114.53,5.24
18.00,2.00,277.69,-16.56,-0.88,3.75,0.06,3.25,114.53,5.24
18.00,0.00,118.88,23.31,-165.25,2.69,2.38,-0.12,114.47,5.26
18.00,1.00,296.06,-5.94,-74.25,3.56,3.19,0.44,114.47,5.26
18.00,2.00,277.62,-16.56,-1.00,4.00,0.56,3.38,114.47,5.26
18.00,0.00,118.88,23.31,-165.31,2.44,1.50,-0.88,114.42,5.28
18.00,1.00,296.00,-5.94,-74.31,3.12,3.06,0.56,114.42,5.28
18.00,2.00,277.56,-16.56,-1.06,3.50,0.31,3.06,114.42,5.28
18.00,0.00,118.81,23.31,-165.31,3.06,-0.12,-0.94,114.42,5.30
18.00,1.00,296.00,-5.94,-74.38,2.75,2.50,-0.31,114.42,5.30
18.00,2.00,277.56,-16.56,-1.19,3.19,0.44,2.75,114.42,5.30
18.00,0.00,118.75,23.31,-165.38,4.00,-0.12,-1.62,114.44,5.32
18.00,1.00,295.94,-5.94,-74.44,3.19,2.00,-0.50,114.44,5.32
18.00,2.00,277.50,-16.56,-1.19,3.56,0.62,2.75,114.44,5.32
18.00,0.00,118.75,23.31,-165.44,4.19,0.12,-1.94,114.50,5.34
18.00,1.00,295.94,-6.00,-74.56,3.69,2.38,0.19,114.50,5.34
18.00,2.00,277.44,-16.62,-1.31,2.88,0.25,2.94,114.50,5.34
